# 9100+ big wave, 9200+ small wave
# id	left	top	right	bottom	texture_id
[SPRITES]
9001	1	1156	1609	1417	30

#BIG WAVE
9100	2	694	565	734	30
9101	2	760	565	800	30
9102	2	826	565	866	30
9103	2	892	565	932	30
9104	2	958	565	998	30
9105	2	1024	565	1064	30
9106	2	1090	565	1130	30
9107	2	1156	565	1196	30
#SMALL WAVE
9200	2	669	565	693	30
9201	2	735	565	759	30
9202	2	801	565	825	30
9203	2	867	565	891	30
9204	2	933	565	957	30
9205	2	999	565	1023	30
9206	2	1065	565	1089	30
9207	2	1131	565	1155	30



# ani_id	sprite1_id	time1	sprite2_id	time2	...
[ANIMATIONS]
90000	9001	1000

#BIG WAVE ANI
61000	9100	100	9101	100	9102	100	9103	100	9104	100	9105	100	9106	100	9107	100
#SMALL WAVE ANI
61001	9200 	100 	9201 	100 	9202 	100 	9203 	100 	9204 	100 	9205 	100 	9206 	100 	9207 	100