# id	left	top	right	bottom	texture_id
[SPRITES]
#####  BIG ###############
#IDLE
11121	404	2	434	40	0
11111	366	2	396	40	0

#WALKING RIGHT
11222	507	1	537	41	0
11223	539	1	567	42	0

#WALKING LEFT
11212	263	1	293	41	0
11213	233	1	261	42	0

#JUMP RIGHT
11417	403	189	432	237	0
11418	432	189	461	237	0

#JUMP LEFT
11413	368	189	397	237	0
11414	339	189	368	237	0

#SIT RIGHT & LEFT 
11521	665	571	698	595	0
11511	105	570	138	594	0

#DIE (SOS)
13000	185	10	216	52	40
13001	218	12	254	52	40
13002	257	13	294	52	40
13003	296	10	343	52	40
13004	345	8	398	52	40
13005	400	9	454	52	40
13006	456	22	509	52	40
13007	512	20	567	52	40
13008	569	15	617	52	40
13009	619	6	655	52	40
13010	657	10	693	52	40
13011	695	15	739	52	40
13012	740	21	795	52	40
13013	797	20	848	52	40
13014	850	23	903	52	40
13015	905	18	955	52	40
13016	957	21	1008	52	40
13017	1010	26	1065	52	40
13018	1067	29	1123	52	40

#SHOOT LEFT
1	347	59	397	96	0
2	294	59	345	96	0
3	253	59	290	96	0
4	211	57	248	96	0
5	176	58	208	96	0
#SHOOT RIGHT
6	403	59	453	96	0
7	455	59	506	96	0
8	510	59	547	96	0
9	552	59	589	96	0
10	592	59	623	96	0
# ani_id	sprite1_id	time1	sprite2_id	time2	...
[ANIMATIONS]
400	11121	100
401	11111	100

#WALKING RIGHT & LEFT 
500	11121	100	11222	100	11223	100
501	11111	100	11212	100	11213	100

#JUMP RIGHT
700	11417	100	11418	100

#JUMP LEFT
701	11413	100	11414	100

#SIT RIGHT & LEFT 
900	11521	100
901	11511	100
#SHOOT RIGHT & LEFT
1000	1	100	2	100	3	100	4	100	5	100
1001	6	100	7	100	8	100	9	100	10	100
#DIE (SOS)
999	13001	50	13000	50	13002	50	13003	50	13004	50	13005	50	13006	50	13007	50	13008	50	13009	50	13010	50	13011	50	13012	50	13013	50	13014	50	13015	100	13016	100	13017	100	13018	100